7.339999999999999858e-01
7.349999999999999867e-01
7.209999999999999742e-01
7.319999999999999840e-01
7.029999999999999583e-01
7.079999999999999627e-01
7.199999999999999734e-01
7.239999999999999769e-01
7.159999999999999698e-01
7.449999999999999956e-01
7.229999999999999760e-01
7.079999999999999627e-01
7.129999999999999671e-01
7.339999999999999858e-01
7.299999999999999822e-01
7.389999999999999902e-01
7.179999999999999716e-01
7.329999999999999849e-01
7.359999999999999876e-01
7.189999999999999725e-01
7.239999999999999769e-01
7.089999999999999636e-01
7.259999999999999787e-01
7.399999999999999911e-01
7.409999999999999920e-01
7.139999999999999680e-01
7.209999999999999742e-01
7.109999999999999654e-01
7.179999999999999716e-01
6.979999999999999538e-01
7.530000000000000027e-01
7.079999999999999627e-01
6.959999999999999520e-01
7.259999999999999787e-01
7.369999999999999885e-01
7.119999999999999662e-01
7.069999999999999618e-01
6.979999999999999538e-01
7.259999999999999787e-01
7.269999999999999796e-01
7.369999999999999885e-01
7.409999999999999920e-01
7.019999999999999574e-01
7.179999999999999716e-01
7.079999999999999627e-01
7.189999999999999725e-01
7.139999999999999680e-01
7.439999999999999947e-01
7.289999999999999813e-01
7.099999999999999645e-01
7.269999999999999796e-01
7.209999999999999742e-01
7.319999999999999840e-01
7.129999999999999671e-01
7.029999999999999583e-01
7.119999999999999662e-01
7.289999999999999813e-01
7.099999999999999645e-01
7.439999999999999947e-01
7.149999999999999689e-01
7.239999999999999769e-01
7.439999999999999947e-01
7.049999999999999600e-01
7.369999999999999885e-01
7.399999999999999911e-01
7.069999999999999618e-01
7.329999999999999849e-01
7.059999999999999609e-01
7.269999999999999796e-01
7.279999999999999805e-01
7.159999999999999698e-01
7.359999999999999876e-01
7.229999999999999760e-01
7.349999999999999867e-01
7.329999999999999849e-01
7.359999999999999876e-01
7.359999999999999876e-01
7.379999999999999893e-01
7.059999999999999609e-01
7.109999999999999654e-01
7.099999999999999645e-01
7.149999999999999689e-01
7.389999999999999902e-01
7.359999999999999876e-01
7.259999999999999787e-01
7.179999999999999716e-01
7.269999999999999796e-01
7.329999999999999849e-01
7.309999999999999831e-01
7.289999999999999813e-01
7.129999999999999671e-01
7.209999999999999742e-01
7.489999999999999991e-01
7.449999999999999956e-01
7.159999999999999698e-01
6.929999999999999494e-01
7.079999999999999627e-01
7.169999999999999707e-01
6.879999999999999449e-01
7.069999999999999618e-01
7.169999999999999707e-01
7.189999999999999725e-01
7.129999999999999671e-01
7.139999999999999680e-01
7.359999999999999876e-01
7.369999999999999885e-01
7.439999999999999947e-01
6.989999999999999547e-01
7.169999999999999707e-01
7.119999999999999662e-01
7.129999999999999671e-01
7.129999999999999671e-01
7.099999999999999645e-01
7.079999999999999627e-01
7.179999999999999716e-01
7.520000000000000018e-01
7.019999999999999574e-01
7.369999999999999885e-01
7.329999999999999849e-01
7.279999999999999805e-01
7.119999999999999662e-01
7.189999999999999725e-01
7.039999999999999591e-01
6.870000000000000551e-01
7.109999999999999654e-01
7.069999999999999618e-01
7.359999999999999876e-01
6.999999999999999556e-01
7.109999999999999654e-01
7.249999999999999778e-01
7.049999999999999600e-01
6.989999999999999547e-01
7.269999999999999796e-01
7.479999999999999982e-01
7.049999999999999600e-01
7.039999999999999591e-01
7.199999999999999734e-01
7.189999999999999725e-01
7.009999999999999565e-01
7.099999999999999645e-01
7.399999999999999911e-01
7.109999999999999654e-01
7.229999999999999760e-01
7.029999999999999583e-01
7.229999999999999760e-01
7.189999999999999725e-01
7.249999999999999778e-01
7.149999999999999689e-01
7.119999999999999662e-01
6.879999999999999449e-01
6.979999999999999538e-01
7.269999999999999796e-01
7.099999999999999645e-01
7.299999999999999822e-01
7.109999999999999654e-01
7.359999999999999876e-01
7.369999999999999885e-01
7.229999999999999760e-01
7.099999999999999645e-01
7.219999999999999751e-01
7.449999999999999956e-01
7.259999999999999787e-01
6.949999999999999512e-01
7.359999999999999876e-01
7.379999999999999893e-01
7.289999999999999813e-01
7.139999999999999680e-01
6.860000000000000542e-01
7.399999999999999911e-01
6.899999999999999467e-01
7.079999999999999627e-01
7.129999999999999671e-01
7.299999999999999822e-01
6.949999999999999512e-01
6.939999999999999503e-01
7.299999999999999822e-01
7.059999999999999609e-01
7.299999999999999822e-01
7.329999999999999849e-01
7.309999999999999831e-01
7.469999999999999973e-01
7.550000000000000044e-01
7.319999999999999840e-01
7.239999999999999769e-01
7.329999999999999849e-01
7.399999999999999911e-01
7.339999999999999858e-01
7.269999999999999796e-01
7.279999999999999805e-01
7.239999999999999769e-01
6.929999999999999494e-01
7.479999999999999982e-01
7.279999999999999805e-01
6.999999999999999556e-01
7.249999999999999778e-01
6.979999999999999538e-01
7.209999999999999742e-01
7.129999999999999671e-01
7.119999999999999662e-01
7.259999999999999787e-01
6.989999999999999547e-01
7.119999999999999662e-01
7.209999999999999742e-01
7.139999999999999680e-01
7.249999999999999778e-01
7.059999999999999609e-01
7.039999999999999591e-01
7.379999999999999893e-01
7.319999999999999840e-01
7.229999999999999760e-01
7.269999999999999796e-01
7.069999999999999618e-01
7.049999999999999600e-01
7.139999999999999680e-01
7.159999999999999698e-01
7.269999999999999796e-01
7.099999999999999645e-01
7.089999999999999636e-01
7.219999999999999751e-01
7.119999999999999662e-01
6.999999999999999556e-01
7.379999999999999893e-01
7.079999999999999627e-01
7.369999999999999885e-01
7.209999999999999742e-01
7.059999999999999609e-01
7.149999999999999689e-01
7.269999999999999796e-01
6.989999999999999547e-01
7.279999999999999805e-01
7.149999999999999689e-01
7.429999999999999938e-01
7.409999999999999920e-01
7.279999999999999805e-01
7.169999999999999707e-01
7.089999999999999636e-01
7.459999999999999964e-01
7.059999999999999609e-01
7.259999999999999787e-01
6.969999999999999529e-01
6.969999999999999529e-01
7.309999999999999831e-01
7.219999999999999751e-01
7.259999999999999787e-01
6.909999999999999476e-01
7.069999999999999618e-01
7.269999999999999796e-01
6.919999999999999485e-01
7.189999999999999725e-01
6.989999999999999547e-01
7.029999999999999583e-01
7.239999999999999769e-01
7.189999999999999725e-01
7.019999999999999574e-01
7.289999999999999813e-01
7.229999999999999760e-01
7.129999999999999671e-01
7.309999999999999831e-01
7.179999999999999716e-01
7.299999999999999822e-01
7.329999999999999849e-01
7.479999999999999982e-01
7.269999999999999796e-01
7.109999999999999654e-01
7.239999999999999769e-01
7.039999999999999591e-01
7.199999999999999734e-01
7.139999999999999680e-01
7.159999999999999698e-01
7.079999999999999627e-01
7.259999999999999787e-01
7.109999999999999654e-01
7.089999999999999636e-01
7.149999999999999689e-01
7.209999999999999742e-01
7.249999999999999778e-01
7.169999999999999707e-01
7.099999999999999645e-01
7.179999999999999716e-01
7.399999999999999911e-01
7.379999999999999893e-01
7.169999999999999707e-01
7.239999999999999769e-01
7.219999999999999751e-01
7.229999999999999760e-01
7.269999999999999796e-01
7.059999999999999609e-01
7.530000000000000027e-01
7.239999999999999769e-01
7.279999999999999805e-01
7.009999999999999565e-01
7.229999999999999760e-01
7.489999999999999991e-01
7.159999999999999698e-01
7.299999999999999822e-01
7.059999999999999609e-01
7.139999999999999680e-01
7.119999999999999662e-01
7.019999999999999574e-01
7.019999999999999574e-01
7.119999999999999662e-01
7.309999999999999831e-01
7.129999999999999671e-01
7.059999999999999609e-01
7.409999999999999920e-01
7.169999999999999707e-01
7.329999999999999849e-01
7.049999999999999600e-01
7.169999999999999707e-01
7.199999999999999734e-01
7.349999999999999867e-01
7.119999999999999662e-01
7.349999999999999867e-01
7.039999999999999591e-01
7.139999999999999680e-01
7.079999999999999627e-01
7.129999999999999671e-01
7.269999999999999796e-01
6.969999999999999529e-01
7.259999999999999787e-01
7.089999999999999636e-01
7.069999999999999618e-01
7.149999999999999689e-01
7.209999999999999742e-01
7.439999999999999947e-01
7.249999999999999778e-01
7.570000000000000062e-01
7.479999999999999982e-01
7.229999999999999760e-01
7.520000000000000018e-01
7.119999999999999662e-01
7.199999999999999734e-01
7.069999999999999618e-01
7.369999999999999885e-01
7.049999999999999600e-01
7.149999999999999689e-01
7.089999999999999636e-01
7.129999999999999671e-01
7.369999999999999885e-01
7.189999999999999725e-01
7.149999999999999689e-01
7.249999999999999778e-01
7.389999999999999902e-01
7.169999999999999707e-01
7.219999999999999751e-01
7.139999999999999680e-01
7.199999999999999734e-01
7.019999999999999574e-01
7.239999999999999769e-01
7.189999999999999725e-01
7.059999999999999609e-01
7.289999999999999813e-01
7.550000000000000044e-01
7.570000000000000062e-01
7.259999999999999787e-01
7.229999999999999760e-01
7.119999999999999662e-01
7.339999999999999858e-01
7.339999999999999858e-01
7.179999999999999716e-01
7.359999999999999876e-01
6.959999999999999520e-01
7.249999999999999778e-01
7.229999999999999760e-01
7.269999999999999796e-01
7.219999999999999751e-01
7.219999999999999751e-01
7.049999999999999600e-01
7.269999999999999796e-01
7.259999999999999787e-01
7.089999999999999636e-01
7.269999999999999796e-01
7.089999999999999636e-01
7.199999999999999734e-01
7.089999999999999636e-01
7.289999999999999813e-01
7.339999999999999858e-01
7.229999999999999760e-01
7.039999999999999591e-01
7.179999999999999716e-01
7.289999999999999813e-01
7.189999999999999725e-01
7.329999999999999849e-01
7.159999999999999698e-01
6.919999999999999485e-01
7.459999999999999964e-01
7.089999999999999636e-01
7.039999999999999591e-01
7.369999999999999885e-01
7.009999999999999565e-01
7.189999999999999725e-01
7.339999999999999858e-01
7.409999999999999920e-01
7.019999999999999574e-01
6.969999999999999529e-01
7.159999999999999698e-01
7.039999999999999591e-01
7.379999999999999893e-01
7.259999999999999787e-01
7.119999999999999662e-01
7.319999999999999840e-01
7.209999999999999742e-01
6.979999999999999538e-01
7.329999999999999849e-01
7.259999999999999787e-01
7.139999999999999680e-01
7.279999999999999805e-01
7.119999999999999662e-01
7.219999999999999751e-01
7.229999999999999760e-01
7.279999999999999805e-01
7.239999999999999769e-01
7.099999999999999645e-01
7.229999999999999760e-01
7.179999999999999716e-01
7.119999999999999662e-01
7.339999999999999858e-01
7.249999999999999778e-01
7.139999999999999680e-01
7.219999999999999751e-01
7.209999999999999742e-01
7.309999999999999831e-01
7.349999999999999867e-01
7.379999999999999893e-01
7.409999999999999920e-01
7.149999999999999689e-01
7.249999999999999778e-01
7.119999999999999662e-01
7.179999999999999716e-01
7.229999999999999760e-01
7.129999999999999671e-01
7.339999999999999858e-01
6.959999999999999520e-01
7.560000000000000053e-01
7.219999999999999751e-01
7.079999999999999627e-01
7.279999999999999805e-01
7.149999999999999689e-01
7.049999999999999600e-01
7.199999999999999734e-01
7.249999999999999778e-01
7.379999999999999893e-01
6.989999999999999547e-01
6.999999999999999556e-01
6.909999999999999476e-01
6.989999999999999547e-01
7.439999999999999947e-01
7.209999999999999742e-01
7.009999999999999565e-01
7.269999999999999796e-01
7.249999999999999778e-01
7.530000000000000027e-01
7.149999999999999689e-01
6.939999999999999503e-01
7.199999999999999734e-01
7.089999999999999636e-01
7.169999999999999707e-01
7.059999999999999609e-01
7.059999999999999609e-01
7.399999999999999911e-01
7.169999999999999707e-01
7.510000000000000009e-01
6.979999999999999538e-01
7.289999999999999813e-01
6.949999999999999512e-01
7.259999999999999787e-01
7.049999999999999600e-01
7.119999999999999662e-01
6.999999999999999556e-01
7.019999999999999574e-01
7.079999999999999627e-01
7.229999999999999760e-01
7.329999999999999849e-01
6.889999999999999458e-01
7.189999999999999725e-01
7.389999999999999902e-01
7.329999999999999849e-01
7.189999999999999725e-01
6.969999999999999529e-01
7.219999999999999751e-01
7.009999999999999565e-01
7.309999999999999831e-01
7.139999999999999680e-01
7.229999999999999760e-01
7.049999999999999600e-01
7.019999999999999574e-01
7.209999999999999742e-01
7.119999999999999662e-01
7.319999999999999840e-01
7.269999999999999796e-01
6.870000000000000551e-01
7.399999999999999911e-01
7.409999999999999920e-01
7.119999999999999662e-01
7.289999999999999813e-01
7.389999999999999902e-01
7.189999999999999725e-01
7.289999999999999813e-01
7.069999999999999618e-01
6.969999999999999529e-01
7.189999999999999725e-01
7.379999999999999893e-01
7.269999999999999796e-01
7.109999999999999654e-01
7.169999999999999707e-01
7.249999999999999778e-01
7.259999999999999787e-01
6.999999999999999556e-01
7.399999999999999911e-01
7.269999999999999796e-01
7.369999999999999885e-01
7.299999999999999822e-01
7.469999999999999973e-01
7.139999999999999680e-01
7.329999999999999849e-01
7.289999999999999813e-01
7.219999999999999751e-01
6.919999999999999485e-01
7.039999999999999591e-01
7.269999999999999796e-01
7.209999999999999742e-01
6.850000000000000533e-01
7.329999999999999849e-01
7.179999999999999716e-01
7.379999999999999893e-01
7.339999999999999858e-01
7.339999999999999858e-01
7.399999999999999911e-01
7.259999999999999787e-01
7.129999999999999671e-01
7.249999999999999778e-01
7.309999999999999831e-01
7.229999999999999760e-01
7.319999999999999840e-01
7.289999999999999813e-01
7.139999999999999680e-01
7.299999999999999822e-01
6.909999999999999476e-01
7.489999999999999991e-01
7.169999999999999707e-01
7.249999999999999778e-01
7.469999999999999973e-01
7.169999999999999707e-01
7.269999999999999796e-01
7.209999999999999742e-01
7.019999999999999574e-01
7.199999999999999734e-01
7.169999999999999707e-01
7.229999999999999760e-01
7.399999999999999911e-01
7.279999999999999805e-01
7.079999999999999627e-01
7.209999999999999742e-01
7.229999999999999760e-01
6.999999999999999556e-01
6.979999999999999538e-01
6.939999999999999503e-01
6.879999999999999449e-01
7.229999999999999760e-01
7.029999999999999583e-01
7.179999999999999716e-01
7.409999999999999920e-01
7.109999999999999654e-01
7.359999999999999876e-01
7.209999999999999742e-01
7.449999999999999956e-01
7.279999999999999805e-01
6.939999999999999503e-01
7.429999999999999938e-01
7.149999999999999689e-01
7.249999999999999778e-01
7.479999999999999982e-01
7.239999999999999769e-01
7.139999999999999680e-01
7.119999999999999662e-01
7.139999999999999680e-01
7.249999999999999778e-01
7.059999999999999609e-01
7.259999999999999787e-01
7.640000000000000124e-01
7.079999999999999627e-01
7.079999999999999627e-01
7.399999999999999911e-01
7.229999999999999760e-01
7.189999999999999725e-01
7.179999999999999716e-01
7.049999999999999600e-01
7.449999999999999956e-01
7.139999999999999680e-01
7.199999999999999734e-01
7.299999999999999822e-01
7.359999999999999876e-01
7.169999999999999707e-01
7.379999999999999893e-01
7.249999999999999778e-01
7.129999999999999671e-01
7.239999999999999769e-01
7.389999999999999902e-01
7.139999999999999680e-01
7.059999999999999609e-01
7.349999999999999867e-01
7.099999999999999645e-01
7.259999999999999787e-01
7.079999999999999627e-01
7.449999999999999956e-01
7.449999999999999956e-01
6.909999999999999476e-01
7.219999999999999751e-01
7.299999999999999822e-01
7.109999999999999654e-01
7.149999999999999689e-01
7.149999999999999689e-01
7.299999999999999822e-01
6.959999999999999520e-01
7.309999999999999831e-01
7.059999999999999609e-01
7.029999999999999583e-01
7.359999999999999876e-01
6.959999999999999520e-01
7.219999999999999751e-01
6.969999999999999529e-01
7.149999999999999689e-01
7.419999999999999929e-01
7.219999999999999751e-01
7.169999999999999707e-01
7.359999999999999876e-01
7.269999999999999796e-01
7.039999999999999591e-01
7.139999999999999680e-01
7.199999999999999734e-01
7.429999999999999938e-01
7.189999999999999725e-01
7.399999999999999911e-01
7.129999999999999671e-01
7.369999999999999885e-01
7.229999999999999760e-01
7.099999999999999645e-01
7.219999999999999751e-01
7.449999999999999956e-01
7.189999999999999725e-01
6.939999999999999503e-01
7.139999999999999680e-01
7.069999999999999618e-01
7.239999999999999769e-01
7.369999999999999885e-01
7.399999999999999911e-01
7.189999999999999725e-01
7.209999999999999742e-01
7.249999999999999778e-01
7.079999999999999627e-01
7.429999999999999938e-01
7.119999999999999662e-01
7.439999999999999947e-01
7.289999999999999813e-01
7.299999999999999822e-01
7.169999999999999707e-01
7.139999999999999680e-01
7.479999999999999982e-01
7.099999999999999645e-01
7.469999999999999973e-01
7.339999999999999858e-01
7.049999999999999600e-01
7.309999999999999831e-01
7.129999999999999671e-01
7.139999999999999680e-01
7.369999999999999885e-01
7.169999999999999707e-01
7.209999999999999742e-01
7.039999999999999591e-01
7.249999999999999778e-01
7.209999999999999742e-01
7.219999999999999751e-01
7.089999999999999636e-01
7.319999999999999840e-01
7.560000000000000053e-01
7.149999999999999689e-01
7.149999999999999689e-01
7.329999999999999849e-01
7.279999999999999805e-01
7.369999999999999885e-01
7.479999999999999982e-01
7.319999999999999840e-01
7.229999999999999760e-01
7.209999999999999742e-01
6.979999999999999538e-01
7.409999999999999920e-01
7.279999999999999805e-01
7.229999999999999760e-01
7.219999999999999751e-01
6.999999999999999556e-01
7.379999999999999893e-01
7.259999999999999787e-01
7.169999999999999707e-01
7.019999999999999574e-01
7.510000000000000009e-01
7.159999999999999698e-01
7.169999999999999707e-01
6.899999999999999467e-01
7.209999999999999742e-01
7.249999999999999778e-01
7.159999999999999698e-01
7.219999999999999751e-01
7.239999999999999769e-01
7.049999999999999600e-01
7.199999999999999734e-01
7.269999999999999796e-01
6.919999999999999485e-01
7.079999999999999627e-01
7.219999999999999751e-01
7.029999999999999583e-01
7.099999999999999645e-01
7.069999999999999618e-01
7.139999999999999680e-01
7.349999999999999867e-01
7.219999999999999751e-01
7.129999999999999671e-01
7.029999999999999583e-01
7.259999999999999787e-01
7.379999999999999893e-01
6.840000000000000524e-01
7.419999999999999929e-01
6.989999999999999547e-01
7.359999999999999876e-01
7.179999999999999716e-01
7.139999999999999680e-01
6.899999999999999467e-01
7.049999999999999600e-01
7.199999999999999734e-01
7.299999999999999822e-01
7.359999999999999876e-01
7.219999999999999751e-01
7.199999999999999734e-01
7.329999999999999849e-01
6.929999999999999494e-01
7.069999999999999618e-01
7.099999999999999645e-01
6.929999999999999494e-01
7.139999999999999680e-01
7.530000000000000027e-01
7.179999999999999716e-01
7.219999999999999751e-01
7.289999999999999813e-01
7.319999999999999840e-01
7.079999999999999627e-01
7.349999999999999867e-01
6.959999999999999520e-01
7.489999999999999991e-01
6.949999999999999512e-01
7.149999999999999689e-01
7.019999999999999574e-01
7.299999999999999822e-01
6.959999999999999520e-01
7.249999999999999778e-01
7.369999999999999885e-01
7.389999999999999902e-01
7.279999999999999805e-01
6.959999999999999520e-01
7.219999999999999751e-01
7.109999999999999654e-01
7.349999999999999867e-01
6.999999999999999556e-01
7.319999999999999840e-01
7.479999999999999982e-01
7.239999999999999769e-01
7.139999999999999680e-01
7.500000000000000000e-01
7.179999999999999716e-01
6.979999999999999538e-01
7.319999999999999840e-01
7.179999999999999716e-01
7.049999999999999600e-01
7.299999999999999822e-01
7.129999999999999671e-01
7.189999999999999725e-01
7.409999999999999920e-01
6.979999999999999538e-01
7.520000000000000018e-01
6.949999999999999512e-01
7.149999999999999689e-01
7.099999999999999645e-01
7.169999999999999707e-01
7.169999999999999707e-01
7.089999999999999636e-01
7.229999999999999760e-01
7.289999999999999813e-01
7.369999999999999885e-01
7.209999999999999742e-01
7.279999999999999805e-01
7.459999999999999964e-01
7.349999999999999867e-01
7.309999999999999831e-01
7.219999999999999751e-01
7.239999999999999769e-01
7.199999999999999734e-01
7.199999999999999734e-01
7.259999999999999787e-01
7.279999999999999805e-01
7.329999999999999849e-01
7.329999999999999849e-01
7.039999999999999591e-01
7.119999999999999662e-01
7.449999999999999956e-01
6.909999999999999476e-01
7.429999999999999938e-01
6.999999999999999556e-01
7.409999999999999920e-01
7.349999999999999867e-01
7.079999999999999627e-01
7.349999999999999867e-01
7.179999999999999716e-01
7.249999999999999778e-01
7.329999999999999849e-01
7.179999999999999716e-01
7.229999999999999760e-01
7.049999999999999600e-01
7.129999999999999671e-01
7.339999999999999858e-01
7.169999999999999707e-01
7.329999999999999849e-01
7.479999999999999982e-01
7.239999999999999769e-01
7.299999999999999822e-01
7.119999999999999662e-01
7.209999999999999742e-01
6.999999999999999556e-01
6.979999999999999538e-01
7.379999999999999893e-01
7.189999999999999725e-01
7.259999999999999787e-01
7.119999999999999662e-01
7.029999999999999583e-01
7.469999999999999973e-01
7.349999999999999867e-01
7.389999999999999902e-01
7.099999999999999645e-01
7.229999999999999760e-01
7.439999999999999947e-01
7.269999999999999796e-01
7.349999999999999867e-01
7.039999999999999591e-01
6.969999999999999529e-01
7.099999999999999645e-01
7.179999999999999716e-01
7.269999999999999796e-01
7.039999999999999591e-01
7.229999999999999760e-01
7.179999999999999716e-01
7.149999999999999689e-01
7.089999999999999636e-01
7.259999999999999787e-01
7.069999999999999618e-01
7.399999999999999911e-01
7.199999999999999734e-01
7.319999999999999840e-01
6.889999999999999458e-01
7.039999999999999591e-01
7.089999999999999636e-01
7.289999999999999813e-01
7.269999999999999796e-01
7.269999999999999796e-01
6.969999999999999529e-01
7.169999999999999707e-01
7.119999999999999662e-01
7.029999999999999583e-01
7.269999999999999796e-01
7.159999999999999698e-01
6.969999999999999529e-01
7.179999999999999716e-01
6.830000000000000515e-01
7.429999999999999938e-01
6.870000000000000551e-01
7.319999999999999840e-01
7.109999999999999654e-01
7.249999999999999778e-01
7.089999999999999636e-01
7.319999999999999840e-01
7.059999999999999609e-01
7.059999999999999609e-01
6.949999999999999512e-01
7.329999999999999849e-01
7.289999999999999813e-01
7.169999999999999707e-01
7.199999999999999734e-01
7.329999999999999849e-01
7.219999999999999751e-01
7.209999999999999742e-01
7.319999999999999840e-01
7.119999999999999662e-01
6.899999999999999467e-01
7.269999999999999796e-01
7.199999999999999734e-01
7.269999999999999796e-01
7.229999999999999760e-01
7.129999999999999671e-01
7.189999999999999725e-01
7.109999999999999654e-01
7.089999999999999636e-01
7.169999999999999707e-01
7.099999999999999645e-01
7.179999999999999716e-01
7.379999999999999893e-01
7.209999999999999742e-01
7.099999999999999645e-01
7.089999999999999636e-01
7.239999999999999769e-01
7.259999999999999787e-01
7.109999999999999654e-01
7.079999999999999627e-01
7.379999999999999893e-01
7.209999999999999742e-01
7.059999999999999609e-01
7.369999999999999885e-01
7.039999999999999591e-01
7.239999999999999769e-01
7.219999999999999751e-01
7.199999999999999734e-01
6.889999999999999458e-01
7.259999999999999787e-01
7.099999999999999645e-01
7.429999999999999938e-01
7.179999999999999716e-01
7.169999999999999707e-01
7.179999999999999716e-01
7.179999999999999716e-01
7.259999999999999787e-01
7.369999999999999885e-01
7.129999999999999671e-01
7.009999999999999565e-01
7.169999999999999707e-01
7.269999999999999796e-01
7.279999999999999805e-01
7.319999999999999840e-01
7.329999999999999849e-01
7.359999999999999876e-01
7.149999999999999689e-01
7.239999999999999769e-01
6.969999999999999529e-01
6.889999999999999458e-01
7.219999999999999751e-01
7.189999999999999725e-01
7.219999999999999751e-01
7.289999999999999813e-01
7.199999999999999734e-01
7.540000000000000036e-01
7.299999999999999822e-01
7.530000000000000027e-01
7.119999999999999662e-01
7.079999999999999627e-01
7.229999999999999760e-01
7.179999999999999716e-01
7.039999999999999591e-01
7.139999999999999680e-01
7.349999999999999867e-01
7.089999999999999636e-01
7.289999999999999813e-01
7.239999999999999769e-01
6.989999999999999547e-01
7.269999999999999796e-01
7.169999999999999707e-01
7.279999999999999805e-01
7.299999999999999822e-01
7.089999999999999636e-01
7.099999999999999645e-01
7.079999999999999627e-01
7.199999999999999734e-01
7.409999999999999920e-01
7.169999999999999707e-01
7.039999999999999591e-01
7.199999999999999734e-01
7.139999999999999680e-01
7.329999999999999849e-01
7.089999999999999636e-01
7.269999999999999796e-01
7.359999999999999876e-01
7.069999999999999618e-01
7.209999999999999742e-01
7.319999999999999840e-01
7.169999999999999707e-01
7.229999999999999760e-01
7.279999999999999805e-01
7.309999999999999831e-01
7.179999999999999716e-01
7.159999999999999698e-01
6.889999999999999458e-01
7.329999999999999849e-01
7.379999999999999893e-01
7.249999999999999778e-01
7.209999999999999742e-01
7.600000000000000089e-01
7.199999999999999734e-01
6.999999999999999556e-01
7.419999999999999929e-01
7.189999999999999725e-01
7.319999999999999840e-01
7.249999999999999778e-01
7.129999999999999671e-01
7.079999999999999627e-01
7.359999999999999876e-01
7.099999999999999645e-01
7.059999999999999609e-01
